Season,Game Type,Team,#,Name,W,L,S,HLD,HP,G,IP,WPCT,ERA,WHIP,R/9,R/G,H/9,HR/9,K/9,BB/9,K/BB,BF,H,R,ER,HR,K,BB,IBB,DB,WP,BLK,CG,SHO,No BB,GS,GF,PlayerID
1996,Regular Season,Hiroshima Toyo Carp,16,"Yamauchi, Yasuyuki",11,8,0,,,46,117.2,0.579,3.900,1.232,4.360,1.239,7.802,1.071,8.184,3.289,2.488,492,102,57,51,14,107,43,,1,2,1,2,2,0,10,11,01003880
1996,Regular Season,Yokohama BayStars,24,"Hosomi, Kazushi",0,0,0,,,1,1.0,0.000,0.000,1.000,0.000,0.000,9.000,0.000,18.000,0.000,,4,1,0,0,0,2,0,,0,0,0,0,0,0,0,0,01003882
1996,Regular Season,Hiroshima Toyo Carp,27,"Inoe, Yuji",3,3,0,,,41,45.1,0.500,5.360,1.456,5.360,0.659,11.316,1.787,6.154,1.787,3.444,200,57,27,27,9,31,9,,0,2,0,0,0,0,0,7,01103863
1996,Regular Season,Hanshin Tigers,25,"Inomata, Takashi",0,1,0,,,2,3.0,0.000,15.000,3.000,15.000,2.500,21.000,0.000,9.000,6.000,1.500,18,7,5,5,0,3,2,,0,0,0,0,0,0,1,0,01103864
1996,Regular Season,Fukuoka Daiei Hawks,38,"Arikura, Masashi",0,2,1,,,11,14.2,0.000,5.520,1.364,6.750,1.000,9.205,1.227,8.591,3.068,2.800,64,15,11,9,2,14,5,,0,0,0,0,0,0,0,4,01103881
1996,Regular Season,Yakult Swallows,61,"Ishii, Hirotoshi",1,0,0,,,13,8.0,1.000,3.380,2.375,3.375,0.231,6.750,0.000,10.125,14.625,0.692,41,6,3,3,0,9,13,,0,1,0,0,0,0,1,4,01103882
1996,Regular Season,Chunichi Dragons,51,"Idemoto, Kenichiro",1,1,0,,,19,37.0,0.500,1.950,1.027,2.189,0.474,6.324,0.486,7.054,2.919,2.417,143,26,9,8,2,29,12,,0,1,0,0,0,0,2,5,01103885
1996,Regular Season,Seibu Lions,43,"Yokota, Hisanori",4,7,0,,,17,88.0,0.364,3.580,1.455,3.886,2.235,7.466,0.818,6.443,5.625,1.145,387,73,38,35,8,63,55,,4,6,0,0,0,0,16,0,01203864
1996,Regular Season,Chiba Lotte Marines,17,"Muto, Junichiro",0,1,0,,,26,59.0,0.000,5.030,1.441,5.339,1.346,10.678,1.068,7.322,2.288,3.200,253,70,35,33,7,48,15,,2,1,0,0,0,0,4,8,01203887
1996,Regular Season,Hiroshima Toyo Carp,11,"Kito, Makoto",12,7,0,,,26,164.1,0.632,4.270,1.412,4.655,3.269,9.639,1.150,6.243,3.067,2.036,719,176,85,78,21,114,56,,5,3,0,6,1,0,26,0,01303864
1996,Regular Season,Chunichi Dragons,18,"Kashima, Tadashi",0,1,0,,,9,13.0,0.000,7.620,1.615,7.615,1.222,10.385,2.769,2.077,4.154,0.500,59,15,11,11,4,3,6,,0,1,0,0,0,0,0,2,01303869
1996,Regular Season,Hanshin Tigers,41,"Kawajiri, Tetsuro",13,9,1,,,37,157.1,0.591,3.260,1.271,3.375,1.595,9.095,0.686,7.265,2.345,3.098,654,159,59,57,12,127,41,,8,0,2,3,1,0,19,8,01303880
1996,Regular Season,Chunichi Dragons,25,"Kadokura, Ken",7,3,0,,,14,72.1,0.700,3.110,1.286,3.359,1.929,7.839,0.747,8.088,3.733,2.167,302,63,27,25,6,65,30,,0,3,0,3,1,1,11,0,01303882
1996,Regular Season,Chunichi Dragons,34,"Yamamoto, Masahiro",7,9,1,,,26,154.2,0.438,3.670,1.274,4.190,2.769,9.252,0.989,6.925,2.211,3.132,647,159,72,63,17,119,38,,3,4,1,6,2,0,23,1,01403862
1996,Regular Season,Yokohama BayStars,21,"Nomura, Hiroki",10,8,0,,,25,146.1,0.556,4.120,1.421,4.674,3.040,10.579,1.538,5.228,2.214,2.361,626,172,76,67,25,85,36,,0,2,0,4,0,1,25,0,01503866
1996,Regular Season,Yokohama BayStars,19,"Kohiyama, Masahito",0,0,0,,,1,2.0,0.000,13.500,2.500,13.500,3.000,22.500,9.000,13.500,0.000,,11,5,3,3,2,3,0,,0,0,0,0,0,0,0,0,01503887
1996,Regular Season,Kintetsu Buffaloes,18,"Sakai, Hiroki",8,15,0,,,26,183.0,0.348,3.300,1.284,3.836,3.000,7.426,0.836,7.328,4.131,1.774,772,151,78,67,17,149,84,,6,17,2,6,1,2,26,0,01503889
1996,Regular Season,Yakult Swallows,51,"Matsumoto, Shigeru",3,4,0,,,49,78.2,0.429,3.200,1.475,3.890,0.694,9.153,0.801,5.263,4.119,1.278,340,80,34,28,7,46,36,,4,4,1,0,0,0,0,12,01603881
1996,Regular Season,Orix Bluewave,19,"Fraser, Willie",10,2,0,,,18,99.2,0.833,3.070,1.254,3.251,2.000,7.946,0.813,4.605,3.341,1.378,411,88,36,34,9,51,37,,2,0,1,1,1,0,15,1,01603882
1996,Regular Season,Chiba Lotte Marines,0,"Yoshida, Atsushi",2,3,0,,,27,45.2,0.400,5.520,1.642,5.518,1.037,8.672,1.182,5.715,6.109,0.935,203,44,28,28,6,29,31,,0,1,0,0,0,0,0,8,01603885
1996,Regular Season,Nippon-Ham Fighters,60,"Gross, Kip",17,9,0,,,28,193.2,0.654,3.620,1.312,4.275,3.286,9.341,0.836,3.671,2.463,1.491,827,201,92,78,18,79,53,,9,9,1,8,1,0,28,0,01603889
1996,Regular Season,Chunichi Dragons,37,"Daito, Masaaki",0,0,0,,,1,1.0,0.000,36.000,5.000,45.000,5.000,36.000,0.000,18.000,9.000,2.000,10,4,5,4,0,2,1,,1,1,0,0,0,0,0,1,01703882
1996,Regular Season,Kintetsu Buffaloes,40,"Shinada, Ayahito",4,2,0,,,9,44.2,0.667,5.040,1.657,5.642,3.111,10.679,1.410,6.448,4.231,1.524,212,53,28,25,7,32,21,,3,3,0,0,0,0,9,0,01703885
1996,Regular Season,Hiroshima Toyo Carp,62,"Kobayashi, Atsushi",0,1,0,,,3,2.1,0.000,7.710,1.286,7.714,0.667,11.571,3.857,3.857,0.000,,10,3,2,2,1,1,0,,0,0,0,0,0,0,0,1,01803883
1996,Regular Season,Fukuoka Daiei Hawks,45,"Hirota, Hiroaki",0,0,0,,,2,1.0,0.000,9.000,1.000,9.000,0.500,9.000,9.000,0.000,0.000,,4,1,1,1,1,0,0,,0,1,0,0,0,0,0,2,01903864
1996,Regular Season,Yokohama BayStars,16,"Ito, Atsunori",0,0,0,,,4,5.2,0.000,4.760,2.294,6.353,1.000,12.706,3.176,6.353,7.941,0.800,28,8,4,3,2,4,5,,0,0,0,0,0,0,0,2,01903866
1996,Regular Season,Hanshin Tigers,43,"Hayashi, Junji",0,1,0,,,17,8.0,0.000,10.130,2.875,10.125,0.529,16.875,0.000,9.000,9.000,1.000,46,15,9,9,0,8,8,,0,1,0,0,0,0,0,2,01903882
1996,Regular Season,Fukuoka Daiei Hawks,16,"Uchiyama, Tomoyuki",3,2,0,,,28,60.1,0.600,4.330,1.492,4.773,1.143,10.144,0.895,4.923,3.282,1.500,262,68,32,29,6,33,22,,0,8,0,0,0,0,6,5,01903883
1996,Regular Season,Yakult Swallows,13,"Kato, Hiroto",0,1,0,,,22,15.1,0.000,7.630,2.087,9.978,0.773,14.087,1.761,8.804,4.696,1.875,81,24,17,13,3,15,8,,3,0,0,0,0,0,0,4,05003868
1996,Regular Season,Chiba Lotte Marines,19,"Narimoto, Toshihide",7,6,23,,,45,62.1,0.538,3.320,1.139,3.754,0.578,8.086,1.155,9.241,2.166,4.267,259,56,26,23,8,64,15,,1,2,0,0,0,0,0,39,11013887
1996,Regular Season,Fukuoka Daiei Hawks,34,"Yoshitake, Shintaro",4,13,1,,,35,141.1,0.235,3.440,1.302,3.757,1.686,8.660,0.892,5.285,3.057,1.729,599,136,59,54,14,83,48,,7,3,0,6,1,0,16,9,11213889
1996,Regular Season,Orix Bluewave,21,"Noda, Koji",8,7,0,,,27,180.1,0.533,3.140,1.331,3.494,2.593,8.484,0.898,7.187,3.494,2.057,772,170,70,63,18,144,70,,7,10,0,7,2,1,27,0,11313866
1996,Regular Season,Hiroshima Toyo Carp,40,"Iriki, Satoshi",0,3,0,,,6,17.0,0.000,5.290,1.647,9.000,2.833,10.588,1.059,7.412,4.235,1.750,80,20,17,10,2,14,8,,2,1,0,0,0,0,2,1,11313881
1996,Regular Season,Chunichi Dragons,57,"Kojima, Hiromu",2,2,0,,,13,30.1,0.500,6.230,1.681,6.824,1.769,12.165,1.484,6.527,2.967,2.200,142,41,23,21,5,22,10,,1,0,0,0,0,0,6,3,11313883
1996,Regular Season,Yokohama BayStars,14,"Udo, Katsuya",1,3,0,,,14,40.0,0.250,8.330,2.225,8.775,2.786,15.975,0.900,2.700,4.050,0.667,200,71,39,37,4,12,18,,3,3,0,1,0,0,10,1,11313885
1996,Regular Season,Yakult Swallows,54,"Ogura, Hisashi",0,0,0,,,2,2.0,0.000,13.500,2.000,13.500,1.500,13.500,0.000,0.000,4.500,0.000,10,3,3,3,0,0,1,,1,0,0,0,0,0,0,0,11313887
1996,Regular Season,Kintetsu Buffaloes,47,"Kiyokawa, Eiji",1,1,0,,,44,17.0,0.500,3.180,1.176,3.176,0.136,7.941,0.529,9.529,2.647,3.600,71,15,6,6,1,18,5,,0,0,0,0,0,0,0,3,11513869
1996,Regular Season,Fukuoka Daiei Hawks,51,"Bolton, Rodney",2,2,0,,,11,31.0,0.500,6.390,1.903,6.387,2.000,10.452,0.871,5.226,6.677,0.783,148,36,22,22,3,18,23,,1,3,0,0,0,0,6,2,11613882
1996,Regular Season,Chiba Lotte Marines,13,"Kobayashi, Akinori",0,0,0,,,3,6.2,0.000,5.400,1.650,5.400,1.333,12.150,1.350,1.350,2.700,0.500,30,9,4,4,1,1,2,,0,1,0,0,0,0,0,1,11713881
1996,Regular Season,Hanshin Tigers,15,"Yufune, Toshiro",5,14,2,,,29,132.0,0.263,4.840,1.606,5.114,2.586,11.250,1.159,6.682,3.205,2.085,591,165,75,71,17,98,47,,1,11,0,1,0,1,20,4,11713883
1996,Regular Season,Chunichi Dragons,24,"Sato, Hideki",3,2,0,,,32,69.1,0.600,4.930,1.716,5.322,1.281,10.774,0.779,6.620,4.673,1.417,327,83,41,38,6,51,36,,5,6,0,0,0,0,7,5,11713887
1996,Regular Season,Nippon-Ham Fighters,21,"Nishizaki, Yukihiro",14,7,0,,,26,181.2,0.667,2.870,1.327,3.121,2.423,7.530,0.842,6.886,4.409,1.562,769,152,63,58,17,139,89,,4,10,0,5,1,0,26,0,11913864
1996,Regular Season,Orix Bluewave,35,"Toyoda, Jiro",2,1,0,,,12,42.1,0.667,3.400,1.346,4.039,1.583,9.142,0.638,6.165,2.976,2.071,181,43,19,16,3,29,14,,2,1,0,1,0,0,5,2,11913880
1996,Regular Season,Kintetsu Buffaloes,26,"Nishikawa, Shinichi",0,0,0,,,12,24.0,0.000,2.630,1.667,3.375,0.750,9.375,0.000,5.625,5.625,1.000,109,25,9,7,0,15,15,,0,3,0,0,0,0,0,4,11913889
1996,Regular Season,Hiroshima Toyo Carp,29,"Kondo, Yoshihisa",2,3,0,,,15,50.0,0.400,5.760,1.720,6.840,2.533,9.900,1.440,6.480,5.580,1.161,232,55,38,32,8,36,31,,1,0,0,0,0,0,8,1,13013868
1996,Regular Season,Yokohama BayStars,41,"Kato, Masato",0,0,0,,,2,1.2,0.000,21.600,4.800,21.600,2.000,21.600,5.400,10.800,21.600,0.500,13,4,4,4,1,2,4,,0,0,0,0,0,0,0,0,13113883
1996,Regular Season,Hiroshima Toyo Carp,50,"Checo, Robinson",4,1,0,,,9,50.2,0.800,4.800,1.500,5.507,3.444,9.237,1.776,6.395,4.263,1.500,226,52,31,27,10,36,24,,0,2,0,3,1,0,9,0,13113885
1996,Regular Season,Orix Bluewave,43,"Suzuki, Taira",7,2,19,,,55,74.0,0.778,2.430,1.149,2.554,0.382,6.689,0.608,7.054,3.649,1.933,304,55,21,20,5,58,30,,3,1,0,0,0,0,0,33,15013868
1996,Regular Season,Fukuoka Daiei Hawks,18,"Watanabe, Tomio",0,1,0,,,2,4.1,0.000,14.540,3.462,14.538,3.500,24.923,2.077,8.308,6.231,1.333,27,12,7,7,1,4,3,,0,0,0,0,0,0,1,0,15113868
1996,Regular Season,Fukuoka Daiei Hawks,17,"Takeda, Kazuhiro",15,8,0,,,26,171.0,0.652,3.840,1.304,4.053,2.962,8.789,0.842,6.000,2.947,2.036,722,167,77,73,16,114,56,,4,6,0,6,4,0,26,0,21023866
1996,Regular Season,Hanshin Tigers,18,"Yabu, Keiichi",11,14,0,,,30,195.1,0.440,4.010,1.305,4.469,3.233,9.399,0.645,6.681,2.350,2.843,834,204,97,87,14,145,51,,11,1,1,6,1,0,30,0,21023889
1996,Regular Season,Yakult Swallows,20,"Ito, Tomohito",1,2,3,,,14,15.0,0.333,5.400,2.000,5.400,0.643,9.600,1.800,9.000,8.400,1.071,77,16,9,9,3,15,14,,3,1,0,0,0,0,0,3,21123887
1996,Regular Season,Chunichi Dragons,43,"Endo, Masataka",8,4,1,,,49,70.1,0.667,3.840,1.322,4.223,0.673,7.166,0.768,9.341,4.735,1.973,300,56,33,30,6,73,37,,1,5,0,1,1,0,3,9,21123889
1996,Regular Season,Chiba Lotte Marines,18,"Irabu, Hideki",12,6,0,,,23,157.1,0.667,2.400,1.061,3.203,2.435,6.178,0.400,9.553,3.375,2.831,639,108,56,42,7,167,59,,3,7,4,3,0,0,23,0,21223866
1996,Regular Season,Yomiuri Giants,31,"Mizuno, Katsuhito",2,0,0,,,10,14.1,1.000,3.140,1.116,3.140,0.500,5.651,0.628,4.395,4.395,1.000,57,9,5,5,1,7,7,,0,0,0,0,0,0,0,2,21223869
1996,Regular Season,Kintetsu Buffaloes,6,"Kubo, Yasuo",1,0,0,,,21,31.0,1.000,2.320,1.161,2.323,0.381,8.710,0.871,6.677,1.742,3.833,124,30,8,8,3,23,6,,1,0,0,0,0,0,0,7,21323846
1996,Regular Season,Seibu Lions,18,"Kaku, Taigen",0,6,0,,,14,52.1,0.000,7.390,1.796,8.255,3.429,12.382,1.548,4.471,3.783,1.182,248,72,48,43,9,26,22,,1,1,0,1,0,0,11,1,21323860
1996,Regular Season,Nippon-Ham Fighters,23,"Kaneishi, Akihito",1,1,20,,,28,25.2,0.500,2.100,1.481,2.104,0.214,11.221,0.351,4.208,2.104,2.000,111,32,6,6,1,12,6,,1,0,0,0,0,0,0,27,21323865
1996,Regular Season,Yomiuri Giants,15,"Kawahara, Junichi",0,4,0,,,9,50.0,0.000,4.500,1.440,4.500,2.778,9.540,1.080,8.100,3.420,2.368,216,53,25,25,6,45,19,,2,1,0,1,0,0,8,1,21323880
1996,Regular Season,Fukuoka Daiei Hawks,12,"Saito, Mitsugu",0,0,0,,,13,13.2,0.000,5.930,1.829,6.585,0.769,13.829,1.317,5.268,2.634,2.000,64,21,10,9,2,8,4,,0,0,0,0,0,0,0,2,21523880
1996,Regular Season,Yomiuri Giants,62,"Koharazawa, Shigeyori",2,4,0,,,22,28.0,0.333,6.430,1.536,6.750,0.955,7.071,1.929,8.036,6.750,1.190,127,22,21,20,6,25,21,,2,3,1,0,0,0,0,4,21523885
1996,Regular Season,Yomiuri Giants,49,"Brito, Mario",3,2,19,,,39,48.2,0.600,3.330,1.397,3.329,0.462,9.247,0.925,7.952,3.329,2.389,207,50,18,18,5,43,18,,1,0,0,0,0,0,0,31,21623882
1996,Regular Season,Fukuoka Daiei Hawks,14,"Wakatabe, Kenichi",2,0,0,,,23,29.2,1.000,5.160,1.483,5.157,0.739,11.831,0.910,4.854,1.517,3.200,126,39,17,17,3,16,5,,1,0,0,0,0,0,0,10,21623885
1996,Regular Season,Hanshin Tigers,20,"Kakuri, Tateo",8,9,15,,,45,104.1,0.471,3.620,1.323,4.054,1.044,7.764,0.949,6.987,4.141,1.688,451,90,47,42,11,81,48,,3,10,0,1,1,0,6,31,21623887
1996,Regular Season,Chiba Lotte Marines,29,"Naito, Naoyuki",0,0,0,,,4,10.0,0.000,6.300,1.600,6.300,1.750,10.800,0.900,7.200,3.600,2.000,45,12,7,7,1,8,4,,1,0,0,0,0,0,2,2,21723864
1996,Regular Season,Chunichi Dragons,29,"Naito, Naoyuki",0,1,0,,,4,7.1,0.000,11.050,1.909,11.045,2.250,12.273,2.455,4.909,4.909,1.000,35,10,9,9,2,4,4,,0,0,0,0,0,0,1,1,21723864
1996,Regular Season,Hiroshima Toyo Carp,43,"Shiratake, Yoshihisa",0,2,0,,,26,29.2,0.000,3.640,1.618,6.371,0.808,10.921,1.213,5.461,3.640,1.500,135,36,21,12,4,18,12,,1,0,0,0,0,0,0,11,21723867
1996,Regular Season,Hiroshima Toyo Carp,18,"Sasaoka, Shinji",5,7,23,,,49,69.0,0.417,1.700,0.986,1.696,0.265,7.043,0.652,9.261,1.826,5.071,270,54,13,13,5,71,14,,3,2,0,0,0,0,0,46,21723881
1996,Regular Season,Nippon-Ham Fighters,48,"Shimazaki, Takeshi",5,4,14,,,54,97.1,0.556,2.310,1.068,2.774,0.556,7.860,0.370,5.363,1.757,3.053,385,85,30,25,4,58,19,,1,0,0,0,0,0,0,25,21723885
1996,Regular Season,Nippon-Ham Fighters,13,"Nagadomi, Hiroshi",1,2,2,,,26,40.1,0.333,5.360,1.488,5.802,1.000,9.149,1.116,7.140,4.240,1.684,173,41,26,24,5,32,19,,1,2,0,0,0,0,1,8,21923862
1996,Regular Season,Seibu Lions,28,"Takeshita, Jun",2,3,0,,,31,71.2,0.400,5.530,1.381,5.651,1.452,7.912,1.381,9.167,4.521,2.028,310,63,45,44,11,73,36,,1,9,0,1,0,0,6,5,21923885
1996,Regular Season,Hiroshima Toyo Carp,15,"Katase, Kiyotoshi",1,0,0,,,9,12.2,1.000,6.390,1.579,6.395,1.000,8.526,1.421,4.974,5.684,0.875,57,12,9,9,2,7,8,,2,1,0,0,0,0,0,1,23923868
1996,Regular Season,Yakult Swallows,17,"Kawasaki, Kenjiro",0,0,0,,,5,9.1,0.000,3.860,1.500,3.857,0.800,11.571,1.929,1.929,1.929,1.000,41,12,4,4,2,2,2,,1,0,0,0,0,0,1,0,25923868
1996,Regular Season,Kintetsu Buffaloes,37,"Minami, Shinichiro",0,0,0,,,1,1.0,0.000,18.000,4.000,18.000,2.000,27.000,0.000,0.000,9.000,0.000,7,3,2,2,0,0,1,,0,0,0,0,0,0,0,1,31033880
1996,Regular Season,Nippon-Ham Fighters,32,"Hiramatsu, Shoji",0,1,0,,,20,41.2,0.000,3.890,1.392,4.968,1.150,8.208,1.944,5.184,4.320,1.200,181,38,23,18,9,24,20,,1,3,0,0,0,0,1,11,31033882
1996,Regular Season,Chiba Lotte Marines,16,"Enoki, Yasuhiro",1,3,0,,,17,39.0,0.250,3.920,1.436,4.615,1.176,10.154,1.846,4.615,2.769,1.667,170,44,20,17,8,20,12,,4,0,0,0,0,0,4,5,31033883
1996,Regular Season,Chunichi Dragons,17,"Uehara, Akira",0,0,0,,,1,1.0,0.000,18.000,4.000,18.000,2.000,27.000,0.000,9.000,9.000,1.000,7,3,2,2,0,1,1,,0,1,0,0,0,0,0,1,31133866
1996,Regular Season,Nippon-Ham Fighters,24,"Akimura, Norihiro",0,0,0,,,4,5.0,0.000,7.200,2.400,7.200,1.000,12.600,3.600,1.800,9.000,0.200,28,7,4,4,2,1,5,,1,1,0,0,0,0,0,4,31133881
1996,Regular Season,Yakult Swallows,16,"Ishii, Kazuhisa",1,5,0,,,8,31.0,0.167,5.230,1.613,5.516,2.375,8.129,1.742,7.548,6.387,1.182,142,28,19,18,6,26,22,,2,1,0,0,0,0,5,1,31133885
1996,Regular Season,Seibu Lions,14,"Ishii, Takashi",3,6,4,,,35,95.1,0.333,2.930,1.458,3.871,1.171,9.441,0.378,6.986,3.682,1.897,414,100,41,31,4,74,39,,3,4,0,0,0,0,7,18,31133889
1996,Regular Season,Chunichi Dragons,21,"Murata, Katsuyoshi",1,3,0,,,4,12.2,0.250,9.950,1.658,9.947,3.500,10.658,2.842,9.947,4.263,2.333,61,15,14,14,4,14,6,,1,0,0,0,0,0,3,0,31233866
1996,Regular Season,Orix Bluewave,61,"Makino, Rui",2,1,0,,,7,21.2,0.667,3.740,1.477,4.154,1.429,7.892,1.246,5.815,5.400,1.077,98,19,10,9,3,14,13,,1,0,1,0,0,0,3,0,31233887
1996,Regular Season,Seibu Lions,24,"Ono, Kazuyoshi",0,1,0,,,7,12.1,0.000,3.650,1.541,5.838,1.143,6.568,2.919,10.216,7.297,1.400,57,9,8,5,4,14,10,,0,1,0,0,0,0,1,3,31333869
1996,Regular Season,Nippon-Ham Fighters,18,"Iwamoto, Tsutomu",10,9,0,,,27,176.0,0.526,3.990,1.199,4.091,2.963,8.182,0.767,7.364,2.608,2.824,730,160,80,78,15,144,51,,6,5,0,4,1,0,27,0,31333881
1996,Regular Season,Kintetsu Buffaloes,13,"Esaka, Masaaki",0,0,0,,,4,7.2,0.000,8.220,2.478,10.565,2.250,12.913,1.174,8.217,9.391,0.875,43,11,9,7,1,7,8,,1,1,0,0,0,0,1,0,31333885
1996,Regular Season,Orix Bluewave,28,"Hoshino, Nobuyuki",13,5,0,,,22,144.2,0.722,3.050,1.210,3.359,2.455,8.523,0.560,5.288,2.364,2.237,594,137,54,49,9,85,38,,1,2,0,6,3,2,22,0,31433860
1996,Regular Season,Yomiuri Giants,17,"Makihara, Hiromi",6,6,0,,,18,122.1,0.500,4.120,1.357,4.193,3.167,8.313,1.324,6.768,3.899,1.736,519,113,57,56,18,92,53,,1,7,0,4,1,0,18,0,31433867
1996,Regular Season,Yomiuri Giants,19,"Kida, Masao",7,9,2,,,33,123.2,0.438,3.780,1.253,3.857,1.606,8.806,1.092,7.205,2.474,2.912,517,121,53,52,15,99,34,,5,4,0,3,2,1,16,9,31433868
1996,Regular Season,Yakult Swallows,45,"Yamamoto, Tatsuki",4,8,1,,,37,113.1,0.333,4.530,1.394,4.606,1.568,8.497,0.794,8.259,4.050,2.039,491,107,58,57,10,104,51,,6,8,0,3,2,0,18,5,31433887
1996,Regular Season,Chiba Lotte Marines,54,"Kuroki, Tomohiro",8,7,0,,,28,135.2,0.533,3.580,1.297,3.848,2.071,7.894,0.730,5.971,3.781,1.579,576,119,58,54,11,90,57,,4,4,0,0,0,0,19,5,31533880
1996,Regular Season,Kintetsu Buffaloes,54,"Osaka, Katsuhito",0,0,0,,,1,0.2,0.000,0.000,1.500,0.000,0.000,13.500,0.000,0.000,0.000,,2,1,0,0,0,0,0,,0,0,0,0,0,0,0,1,31533883
1996,Regular Season,Yomiuri Giants,24,"Ishige, Hiroshi",4,1,3,,,23,33.1,0.800,3.510,1.680,4.050,0.652,8.640,1.080,7.560,6.480,1.167,154,32,15,13,4,28,24,,0,4,0,0,0,0,0,6,31633868
1996,Regular Season,Yokohama BayStars,18,"Birkbeck, Mike",0,2,0,,,4,10.2,0.000,11.810,2.250,11.813,3.500,16.031,0.844,2.531,4.219,0.600,54,19,14,14,1,3,5,,0,1,0,0,0,0,4,0,31633880
1996,Regular Season,Kintetsu Buffaloes,52,"Teramae, Masao",0,1,0,,,2,6.1,0.000,5.680,0.947,5.684,2.000,7.105,1.421,11.368,1.421,8.000,25,5,4,4,1,8,1,,0,1,0,0,0,0,1,1,31633883
1996,Regular Season,Chiba Lotte Marines,14,"Komiyama, Satoru",8,13,0,,,25,154.2,0.381,4.540,1.494,5.004,3.440,11.172,0.989,5.237,2.269,2.308,680,192,86,78,17,90,39,,5,4,0,2,0,1,25,0,31733881
1996,Regular Season,Hanshin Tigers,36,"Tamura, Tsutomu",1,0,0,,,40,31.0,1.000,1.160,0.968,1.161,0.100,5.516,0.290,8.419,3.194,2.636,123,19,4,4,1,29,11,,2,2,0,0,0,0,0,4,31733883
1996,Regular Season,Nippon-Ham Fighters,47,"Sekine, Hiroyuki",0,1,0,,,9,19.1,0.000,2.330,1.500,2.328,0.556,7.914,0.000,6.983,5.586,1.250,81,17,5,5,0,15,12,,0,1,0,0,0,0,1,2,31733889
1996,Regular Season,Orix Bluewave,58,"Iwasaki, Hisanori",1,0,0,,,16,22.2,1.000,3.570,1.279,5.162,0.813,6.353,0.397,5.956,5.162,1.154,94,16,13,9,1,15,13,,2,3,0,0,0,0,0,9,31933883
1996,Regular Season,Kintetsu Buffaloes,45,"Seo, Yoshihiro",1,2,0,,,18,49.0,0.333,3.670,1.469,4.408,1.333,8.265,0.918,7.347,4.959,1.481,216,45,24,20,5,40,27,,3,3,0,1,1,0,7,5,31933885
1996,Regular Season,Orix Bluewave,29,"Watabe, Takashi",0,0,0,,,19,26.1,0.000,4.100,1.215,4.101,0.632,8.203,1.025,5.127,2.734,1.875,109,24,12,12,3,15,8,,0,1,0,0,0,0,0,8,33133883
1996,Regular Season,Chunichi Dragons,45,"Mori, Koji",0,0,0,,,9,10.2,0.000,2.530,1.313,2.531,0.333,6.750,0.000,6.750,5.063,1.333,40,8,3,3,0,8,6,,0,2,0,0,0,0,0,4,33633868
1996,Regular Season,Kintetsu Buffaloes,19,"Akahori, Motoyuki",9,4,21,,,44,73.1,0.692,2.090,1.255,2.332,0.432,8.223,0.614,8.223,3.068,2.680,311,67,19,17,5,67,25,,3,5,0,0,0,0,0,39,35433868
1996,Regular Season,Yokohama BayStars,35,"Nagano, Yoshinari",0,0,0,,,12,16.0,0.000,5.630,1.938,6.750,1.000,12.375,0.563,5.063,5.063,1.000,75,22,12,10,1,9,9,,0,1,0,0,0,0,0,3,41243866
1996,Regular Season,Fukuoka Daiei Hawks,49,"Yoshida, Shuji",0,0,0,,,1,1.2,0.000,21.600,3.600,21.600,4.000,27.000,5.400,5.400,5.400,1.000,10,5,4,4,1,1,1,,0,1,0,0,0,0,0,0,41243868
1996,Regular Season,Seibu Lions,34,"Hashimoto, Takehiro",0,0,8,,,55,35.2,0.000,2.270,1.402,2.271,0.164,7.318,0.757,6.056,5.299,1.143,149,29,9,9,3,24,21,,0,1,0,0,0,0,0,9,41243881
1996,Regular Season,Chiba Lotte Marines,59,"Kishikawa, Takatoshi",0,0,0,,,14,11.1,0.000,4.760,1.147,4.765,0.429,8.735,0.000,7.941,1.588,5.000,47,11,6,6,0,10,2,,0,1,0,0,0,0,0,4,41343880
1996,Regular Season,Yomiuri Giants,21,"Miyamoto, Kazutomo",5,3,0,,,23,100.1,0.625,3.050,1.346,3.140,1.522,8.701,0.987,4.664,3.409,1.368,432,97,35,34,11,52,38,,2,2,1,2,2,0,18,2,41443860
1996,Regular Season,Yokohama BayStars,46,"Miura, Daisuke",5,10,0,,,34,131.1,0.333,4.930,1.569,5.619,2.412,10.348,1.165,6.921,3.769,1.836,582,151,82,72,17,101,55,,1,0,0,4,0,0,21,0,41443885
1996,Regular Season,Yomiuri Giants,40,"Kono, Hirofumi",6,1,3,,,39,52.0,0.857,3.290,1.058,3.288,0.487,5.712,0.519,6.750,3.808,1.773,203,33,19,19,3,39,22,,0,1,0,0,0,0,0,10,41543860
1996,Regular Season,Yokohama BayStars,17,"Morita, Koki",5,9,0,,,28,107.2,0.357,5.430,1.467,5.851,2.500,10.533,1.087,6.437,2.675,2.406,479,126,70,65,13,77,32,,7,4,0,1,0,1,15,4,41543866
1996,Regular Season,Nippon-Ham Fighters,46,"Kawabe, Tadayoshi",1,3,0,,,17,42.1,0.250,4.890,1.559,4.890,1.353,11.055,1.063,6.165,2.976,2.071,190,52,23,23,5,29,14,,2,1,0,0,0,0,2,5,41543881
1996,Regular Season,Hiroshima Toyo Carp,65,"Wakabayashi, Takanobu",0,0,0,,,5,7.2,0.000,7.040,1.957,9.391,1.600,9.391,0.000,4.696,8.217,0.571,35,8,8,6,0,4,7,,2,0,0,0,0,0,0,2,41643885
1996,Regular Season,Seibu Lions,17,"Shintani, Hiroshi",11,5,2,,,30,145.0,0.688,3.410,1.379,3.972,2.133,8.938,1.428,7.510,3.476,2.161,632,144,64,55,23,121,56,,5,3,0,2,2,0,21,9,41743885
1996,Regular Season,Orix Bluewave,46,"Kiyohara, Yuichi",0,0,0,,,12,12.2,0.000,4.260,1.026,4.263,0.500,8.526,1.421,6.395,0.711,9.000,48,12,6,6,2,9,1,,0,0,0,0,0,0,0,1,41943866
1996,Regular Season,Yokohama BayStars,34,"Fukumori, Kazuo",0,0,0,,,1,1.0,0.000,0.000,2.000,0.000,0.000,18.000,0.000,9.000,0.000,,4,2,0,0,0,1,0,,0,0,0,0,0,0,0,1,41943880
1996,Regular Season,Yokohama BayStars,63,"Tokano, Hisashi",1,5,0,,,19,36.2,0.167,4.420,1.527,5.400,1.158,10.064,0.736,8.345,3.682,2.267,165,41,22,18,3,34,15,,4,0,1,0,0,0,0,7,41943887
1996,Regular Season,Yakult Swallows,65,"Matsuoka, Daigo",2,1,0,,,14,24.0,0.667,2.630,0.958,3.000,0.571,4.875,0.750,6.750,3.750,1.800,96,13,8,7,2,18,10,,0,1,0,0,0,0,1,6,45043868
1996,Regular Season,Fukuoka Daiei Hawks,59,"Nishimura, Motofumi",0,0,0,,,29,15.1,0.000,2.930,1.565,4.109,0.241,9.978,0.000,6.457,4.109,1.571,69,17,7,5,0,11,7,,0,2,0,0,0,0,0,8,51053860
1996,Regular Season,Yakult Swallows,14,"Miyamoto, Kenji",2,0,0,,,12,26.0,1.000,3.120,1.038,3.462,0.833,7.269,1.038,4.500,2.077,2.167,102,21,10,9,3,13,6,,1,1,0,0,0,0,3,3,51053865
1996,Regular Season,Orix Bluewave,41,"Takahashi, Koichi",0,2,0,,,8,24.0,0.000,4.880,1.375,5.250,1.750,9.375,0.750,6.000,3.000,2.000,104,25,14,13,2,16,8,,1,0,0,0,0,0,2,3,51053881
1996,Regular Season,Yomiuri Giants,47,"Nishiyama, Kazutaka",6,5,1,,,34,61.1,0.545,4.400,1.582,4.696,0.941,9.098,0.440,5.429,5.136,1.057,276,62,32,30,3,37,35,,4,1,0,0,0,0,5,10,51053887
1996,Regular Season,Yomiuri Giants,28,"Awano, Hideyuki",0,0,0,,,4,9.0,0.000,3.000,0.778,3.000,0.750,5.000,0.000,13.000,2.000,6.500,35,5,3,3,0,13,2,,0,0,0,0,0,0,0,2,51153864
1996,Regular Season,Kintetsu Buffaloes,15,"Yamasaki, Shintaro",8,13,0,,,25,167.0,0.381,4.150,1.389,4.689,3.480,8.569,1.024,5.766,3.934,1.466,722,159,87,77,19,107,73,,4,6,1,7,3,0,25,0,51253864
1996,Regular Season,Fukuoka Daiei Hawks,11,"Yoshida, Toyohiko",1,3,0,,,18,41.1,0.250,5.010,1.548,5.444,1.389,10.234,1.306,6.097,3.702,1.647,185,47,25,23,6,28,17,,2,1,0,0,0,0,6,4,51253866
1996,Regular Season,Yokohama BayStars,20,"Yone, Masahide",1,1,0,,,22,49.2,0.500,5.800,1.570,5.980,1.500,11.235,1.993,3.805,2.899,1.313,229,62,33,32,11,21,16,,6,3,1,0,0,0,5,9,51253880
1996,Regular Season,Kintetsu Buffaloes,21,"Nishimura, Tatsuji",0,1,0,,,4,13.0,0.000,7.620,1.846,7.615,2.750,11.077,0.000,4.154,5.538,0.750,61,16,11,11,0,6,8,,0,1,0,0,0,0,3,1,51253881
1996,Regular Season,Chunichi Dragons,12,"Kanamori, Takahiro",0,1,0,,,2,3.0,0.000,21.000,3.000,24.000,4.000,21.000,6.000,6.000,6.000,1.000,18,7,8,7,2,2,2,,0,0,0,0,0,0,1,1,51353880
1996,Regular Season,Yomiuri Giants,37,"Okajima, Hideki",1,0,0,,,5,12.2,1.000,0.710,1.737,1.421,0.400,9.237,0.000,5.684,6.395,0.889,60,13,2,1,0,8,9,,1,1,0,0,0,0,1,2,51353889
1996,Regular Season,Yakult Swallows,24,"Kinoshita, Fuminobu",3,2,0,,,37,27.2,0.600,4.880,1.699,5.530,0.459,10.084,0.651,10.084,5.205,1.938,132,31,17,15,2,31,16,,1,1,0,0,0,0,0,9,51453866
1996,Regular Season,Seibu Lions,41,"Watanabe, Hisanobu",6,9,0,,,20,118.1,0.400,4.560,1.403,5.020,3.300,8.823,1.445,6.997,3.803,1.840,509,116,66,60,19,92,50,,3,6,0,5,2,0,19,1,51453869
1996,Regular Season,Chiba Lotte Marines,42,"Hillman, Eric",14,9,0,,,29,213.1,0.609,2.400,1.055,2.784,2.276,7.552,0.506,5.020,1.941,2.587,861,179,66,57,12,119,46,,15,3,0,11,3,1,29,0,51453880
1996,Regular Season,Yomiuri Giants,59,"Galvez, Balvino",16,6,0,,,28,203.2,0.727,3.050,1.203,3.270,2.643,8.219,0.795,4.949,2.607,1.898,838,186,74,69,18,112,59,,9,5,0,12,3,0,27,0,51453882
1996,Regular Season,Yomiuri Giants,25,"Kawaguchi, Kazuhisa",1,4,3,,,29,76.1,0.200,2.950,1.323,3.301,0.966,8.017,0.943,7.310,3.891,1.879,331,68,28,25,8,62,33,,6,4,0,0,0,0,11,7,51553863
1996,Regular Season,Fukuoka Daiei Hawks,21,"Kudo, Kimiyasu",8,15,0,,,29,202.2,0.348,3.510,1.367,4.174,3.241,9.192,0.755,7.905,3.109,2.543,867,207,94,79,17,178,70,,1,6,0,9,1,0,29,0,51553865
1996,Regular Season,Chunichi Dragons,61,"Kitano, Katsunori",1,0,0,,,54,34.1,1.000,2.360,1.311,3.408,0.241,7.602,0.524,4.981,4.194,1.188,143,29,13,9,2,19,16,,0,1,0,0,0,0,0,7,51553866
1996,Regular Season,Hanshin Tigers,13,"Kasai, Minoru",1,1,1,,,63,81.2,0.500,3.310,1.384,3.747,0.540,8.486,0.551,5.951,3.967,1.500,349,77,34,30,5,54,36,,5,0,1,0,0,0,1,16,51553881
1996,Regular Season,Fukuoka Daiei Hawks,37,"Sakumoto, Masahiro",1,3,0,,,24,37.0,0.250,4.860,1.703,5.108,0.875,10.459,0.973,7.784,4.865,1.600,168,43,21,20,4,32,20,,1,1,0,0,0,0,0,10,51553882
1996,Regular Season,Yakult Swallows,22,"Takatsu, Shingo",2,6,21,,,39,50.0,0.250,3.240,1.440,3.240,0.462,10.080,1.260,6.300,2.880,2.188,215,56,18,18,7,35,16,,1,1,0,0,0,0,0,36,51553883
1996,Regular Season,Chunichi Dragons,46,"Koike, Takuichi",0,1,0,,,11,25.0,0.000,4.320,1.680,4.320,1.091,9.720,1.440,7.200,5.400,1.333,116,27,12,12,4,20,15,,5,0,0,0,0,0,3,4,51553887
1996,Regular Season,Yakult Swallows,21,"Yoshii, Masato",10,7,0,,,25,180.1,0.588,3.240,1.242,3.444,2.760,8.834,0.998,7.237,2.346,3.085,749,177,69,65,20,145,47,,4,4,0,9,1,2,24,1,51653860
1996,Regular Season,Hiroshima Toyo Carp,47,"Maema, Takashi",3,2,1,,,32,48.2,0.600,3.880,1.500,4.068,0.688,8.692,0.555,5.548,4.808,1.154,216,47,22,21,3,30,26,,1,2,1,0,0,0,3,3,51653881
1996,Regular Season,Kintetsu Buffaloes,33,"Aquino, Luis",11,9,0,,,25,156.0,0.550,4.040,1.365,4.327,3.000,9.115,1.269,3.346,3.173,1.055,658,158,75,70,22,58,55,,4,3,0,2,1,0,25,0,51653882
1996,Regular Season,Kintetsu Buffaloes,14,"Sano, Shigeki",5,3,7,,,57,97.2,0.625,2.950,1.208,3.502,0.667,8.846,1.106,6.911,2.027,3.409,407,96,38,32,12,75,22,,4,0,0,0,0,0,0,30,51653883
1996,Regular Season,Yokohama BayStars,30,"Deni, Tomori",1,1,0,,,17,17.0,0.500,4.760,1.412,4.765,0.529,10.588,1.059,11.118,2.118,5.250,76,20,9,9,2,21,4,,1,2,0,0,0,0,0,3,51753864
1996,Regular Season,Hanshin Tigers,45,"Shimata, Tetsuya",0,0,0,,,22,29.1,0.000,3.680,1.432,5.523,0.818,10.739,0.307,4.602,2.148,2.143,138,35,18,12,1,15,7,,4,0,0,0,0,0,1,12,51753883
1996,Regular Season,Seibu Lions,13,"Nishiguchi, Fumiya",16,10,1,,,31,210.1,0.615,3.170,1.170,3.295,2.484,7.360,0.899,7.403,3.166,2.338,849,172,77,74,21,173,74,,2,4,0,13,2,2,27,2,51953880
1996,Regular Season,Nippon-Ham Fighters,12,"Numata, Hiroshi",0,0,0,,,3,5.0,0.000,3.600,1.400,5.400,1.000,7.200,0.000,1.800,5.400,0.333,22,4,3,2,0,1,3,,1,0,0,0,0,0,1,2,51953882
1996,Regular Season,Hanshin Tigers,26,"Takeuchi, Yoshiya",3,4,0,,,26,75.1,0.429,5.140,1.434,5.257,1.692,9.677,1.553,4.062,3.226,1.259,328,81,44,43,13,34,27,,2,2,1,1,1,0,11,5,51953887
1996,Regular Season,Orix Bluewave,20,"Watanabe, Nobuhiko",3,1,1,,,29,38.0,0.750,2.840,1.105,3.079,0.448,6.632,0.474,7.579,3.316,2.286,152,28,13,12,2,32,14,,0,0,0,0,0,0,0,7,53153868
1996,Regular Season,Orix Bluewave,26,"Ito, Takahide",0,2,0,,,3,18.1,0.000,4.420,1.036,4.418,3.000,6.382,0.982,8.836,2.945,3.000,75,13,9,9,2,18,6,,1,2,0,0,0,0,3,0,55853868
1996,Regular Season,Chunichi Dragons,13,"Hiranuma, Sadaharu",0,0,0,,,13,14.0,0.000,6.430,2.071,7.714,0.923,14.786,0.643,5.143,3.857,1.333,67,23,12,10,1,8,6,,1,1,0,0,0,0,0,2,61063869
1996,Regular Season,Yakult Swallows,19,"Yamabe, Futoshi",7,4,0,,,20,123.2,0.636,4.000,1.350,4.512,3.100,8.078,1.674,7.132,4.075,1.750,527,111,62,55,23,98,56,,1,4,0,2,1,0,20,0,61063889
1996,Regular Season,Nippon-Ham Fighters,35,"Imazeki, Masaru",11,9,0,,,24,159.1,0.550,3.220,1.079,3.389,2.500,6.948,1.299,6.891,2.768,2.490,644,123,60,57,23,122,49,,6,3,0,10,3,1,21,1,61163887
1996,Regular Season,Hanshin Tigers,50,"Furumizo, Katsuyuki",3,5,4,,,37,88.1,0.375,3.770,1.336,3.872,1.027,8.864,0.713,7.030,3.158,2.226,382,87,38,37,7,69,31,,2,0,0,0,0,0,8,13,61263860
1996,Regular Season,Kintetsu Buffaloes,32,"Matsutani, Ryujiro",1,0,0,,,7,13.0,1.000,9.000,1.462,9.000,1.857,8.308,2.769,6.923,4.846,1.429,58,12,13,13,4,10,7,,1,2,0,0,0,0,0,2,61263868
1996,Regular Season,Fukuoka Daiei Hawks,20,"Kimura, Keiji",1,6,5,,,30,65.1,0.143,5.510,1.469,5.510,1.333,10.056,0.964,7.577,3.168,2.391,290,73,40,40,7,55,23,,0,3,0,1,0,0,4,11,61263883
1996,Regular Season,Yomiuri Giants,45,"Monna, Tetsuhiro",0,0,0,,,5,7.1,0.000,6.140,1.909,6.136,1.000,11.045,1.227,8.591,6.136,1.400,34,9,5,5,1,7,5,,0,2,0,0,0,0,1,1,61263887
1996,Regular Season,Yakult Swallows,34,"Kitagawa, Tetsuya",0,0,0,,,9,12.1,0.000,12.410,2.189,12.405,1.889,17.514,2.919,5.838,2.189,2.667,64,24,17,17,4,8,3,,0,1,0,0,0,0,0,6,61363880
1996,Regular Season,Yomiuri Giants,41,"Kimura, Ryuji",0,1,0,,,7,8.0,0.000,2.250,1.250,3.375,0.429,7.875,0.000,10.125,3.375,3.000,33,7,3,2,0,9,3,,0,0,0,0,0,0,0,5,61363887
1996,Regular Season,Yakult Swallows,29,"Bross, Terry",7,12,0,,,23,137.0,0.368,3.610,1.153,4.007,2.652,7.555,1.051,6.372,2.825,2.256,571,115,61,55,16,97,43,,3,5,0,2,1,0,21,1,61463880
1996,Regular Season,Kintetsu Buffaloes,12,"Koda, Isao",0,3,0,,,4,14.0,0.000,9.640,2.214,9.643,3.750,17.357,3.214,3.857,2.571,1.500,72,27,15,15,5,6,4,,0,0,0,0,0,0,4,0,61563860
1996,Regular Season,Yokohama BayStars,12,"Sekiguchi, Iori",5,6,0,,,43,112.2,0.455,3.670,1.402,3.675,1.070,7.189,1.118,8.627,5.432,1.588,482,90,46,46,14,108,68,,1,3,0,4,0,0,12,4,61563882
1996,Regular Season,Yokohama BayStars,11,"Saito, Takashi",10,10,0,,,28,196.2,0.500,3.290,1.119,3.661,2.857,7.185,1.419,9.427,2.883,3.270,801,157,80,72,31,206,63,,11,4,1,11,2,0,27,0,61563885
1996,Regular Season,Seibu Lions,47,"Teramoto, Hirofumi",0,0,1,,,7,12.0,0.000,3.000,1.167,3.000,0.571,5.250,0.750,9.750,5.250,1.857,50,7,4,4,1,13,7,,0,0,0,0,0,0,0,6,61763880
1996,Regular Season,Yokohama BayStars,22,"Sasaki, Kazuhiro",4,3,25,,,39,49.2,0.571,2.900,1.067,3.081,0.436,6.705,1.087,14.497,2.899,5.000,200,37,17,16,6,80,16,,1,4,0,0,0,0,0,35,61763881
1996,Regular Season,Orix Bluewave,15,"Nomura, Takahito",4,1,5,,,54,69.1,0.800,2.860,1.197,3.635,0.519,7.139,0.260,10.904,3.635,3.000,287,55,28,22,2,84,28,,1,5,0,0,0,0,0,16,61763883
1996,Regular Season,Chiba Lotte Marines,34,"Nakada, Koji",0,1,0,,,9,17.1,0.000,6.230,1.269,6.231,1.333,8.308,3.635,9.865,3.115,3.167,72,16,12,12,7,19,6,,0,1,0,0,0,0,2,5,61963860
1996,Regular Season,Hanshin Tigers,19,"Nakanishi, Kiyoki",0,0,0,,,3,3.2,0.000,9.820,1.364,9.818,1.333,12.273,4.909,7.364,0.000,,16,5,4,4,2,3,0,,0,0,0,0,0,0,1,0,61963869
1996,Regular Season,Fukuoka Daiei Hawks,15,"Fujii, Masao",1,3,0,,,11,41.2,0.250,5.180,1.608,5.400,2.273,12.096,0.432,5.616,2.376,2.364,188,56,25,24,2,26,11,,1,2,0,0,0,0,6,2,61963880
1996,Regular Season,Seibu Lions,46,"Suzuki, Tetsu",0,0,0,,,4,4.1,0.000,2.080,2.308,8.308,1.000,12.462,0.000,8.308,8.308,1.000,23,6,4,1,0,4,4,,0,0,0,0,0,0,0,2,61963881
1996,Regular Season,Chunichi Dragons,97,"Higasa, Masahito",3,1,0,,,24,28.0,0.750,6.110,1.893,7.071,0.917,9.321,0.964,5.786,7.714,0.750,137,29,22,19,3,18,24,,1,5,0,0,0,0,0,5,61963882
1996,Regular Season,Yakult Swallows,39,"Tabata, Kazuya",12,12,1,,,33,177.0,0.500,3.510,1.209,3.661,2.182,7.831,1.119,5.542,3.051,1.817,736,154,72,69,22,109,60,,4,5,0,4,2,1,25,1,61963885
1996,Regular Season,Seibu Lions,38,"Toyoda, Kiyoshi",5,5,0,,,18,108.0,0.500,3.080,1.167,3.333,2.222,8.417,1.417,7.333,2.083,3.520,441,101,40,37,17,88,25,,3,2,0,3,1,0,14,2,61963887
1996,Regular Season,Hiroshima Toyo Carp,35,"Mochizuki, Hidetsugu",1,0,0,,,3,5.0,1.000,3.600,1.000,3.600,0.667,9.000,0.000,7.200,0.000,,18,5,2,2,0,4,0,,0,0,0,0,0,0,0,1,63063868
1996,Regular Season,Hanshin Tigers,1,"Nakagomi, Shin",0,4,0,,,8,31.1,0.000,6.610,1.723,7.468,3.250,12.926,1.149,7.181,2.585,2.778,146,45,26,23,4,25,9,,0,2,0,0,0,0,7,0,63163868
1996,Regular Season,Chunichi Dragons,31,"Maeda, Yukinaga",7,4,0,,,17,77.0,0.636,4.210,1.234,5.143,2.588,8.532,1.052,6.429,2.571,2.500,328,73,44,36,9,55,22,,0,4,0,1,0,0,13,0,63463868
1996,Regular Season,Chunichi Dragons,56,"Nonaka, Tetsuhiro",0,0,0,,,3,3.0,0.000,12.000,2.000,12.000,1.333,15.000,3.000,3.000,3.000,1.000,14,5,4,4,1,1,1,,0,0,0,0,0,0,0,1,71073860
1996,Regular Season,Chunichi Dragons,47,"Noguchi, Shigeki",5,5,0,,,21,114.1,0.500,3.230,1.364,3.700,2.238,8.187,1.181,6.927,4.093,1.692,487,104,47,41,15,88,52,,2,4,0,5,2,0,18,0,71073887
1996,Regular Season,Yokohama BayStars,47,"Araki, Daisuke",0,2,0,,,5,12.2,0.000,7.820,1.500,7.816,2.200,10.658,3.553,4.263,2.842,1.500,54,15,11,11,5,6,4,,0,0,0,0,0,0,4,0,71173867
1996,Regular Season,Chunichi Dragons,14,"Imanaka, Shinji",14,8,0,,,25,179.2,0.636,3.310,1.291,3.757,3.000,8.766,0.651,7.664,2.855,2.684,757,175,75,66,13,153,57,,1,8,0,11,2,1,24,1,71173868
1996,Regular Season,Yokohama BayStars,13,"Igarashi, Hideki",9,6,2,,,46,77.1,0.600,3.380,1.332,3.608,0.674,7.797,0.349,6.866,4.190,1.639,331,67,31,29,3,59,36,,5,0,0,0,0,0,2,13,71173887
1996,Regular Season,Hanshin Tigers,51,"Inoe, Takao",0,0,0,,,6,7.0,0.000,3.860,1.286,3.857,0.500,7.714,1.286,5.143,3.857,1.333,30,6,3,3,1,4,3,,1,1,0,0,0,0,0,5,71173889
1996,Regular Season,Chiba Lotte Marines,20,"Yabuta, Yasuhiko",4,6,0,,,18,92.0,0.400,3.620,1.174,3.815,2.167,7.728,0.783,5.674,2.837,2.000,376,79,39,37,8,58,29,,3,5,0,1,1,1,11,3,71273882
1996,Regular Season,Fukuoka Daiei Hawks,22,"Matsuda, Shinji",0,0,0,,,3,2.1,0.000,19.290,3.429,19.286,1.667,23.143,3.857,3.857,7.714,0.500,15,6,5,5,1,1,2,,0,0,0,0,0,0,0,0,71273887
1996,Regular Season,Fukuoka Daiei Hawks,13,"Watanabe, Hidekazu",9,5,0,,,21,145.0,0.643,2.540,1.221,2.731,2.095,8.752,0.993,6.145,2.234,2.750,603,141,44,41,16,99,36,,2,1,0,3,1,0,20,0,71273889
1996,Regular Season,Seibu Lions,26,"Katori, Yoshitaka",7,3,2,,,47,75.0,0.700,2.400,1.293,2.640,0.468,8.280,0.360,5.760,3.360,1.714,317,69,22,20,3,48,28,,4,1,0,0,0,0,0,13,71373848
1996,Regular Season,Hiroshima Toyo Carp,12,"Kato, Shinichi",9,7,0,,,25,152.1,0.563,3.780,1.274,4.195,2.840,9.394,0.709,3.249,2.068,1.571,644,159,71,64,12,55,35,,3,1,2,2,1,0,25,0,71373869
1996,Regular Season,Chunichi Dragons,26,"Ochiai, Eiji",4,6,1,,,24,96.1,0.400,3.740,1.318,4.578,2.042,9.156,0.561,5.699,2.709,2.103,411,98,49,40,6,61,29,,2,1,0,3,2,1,14,1,71373885
1996,Regular Season,Yakult Swallows,23,"Masuda, Masayuki",1,2,0,,,22,36.1,0.333,4.210,1.679,5.202,0.955,7.183,0.743,6.193,7.927,0.781,164,29,21,17,3,25,32,,1,5,1,0,0,0,3,6,71473885
1996,Regular Season,Yomiuri Giants,67,"Kashiwada, Takashi",0,1,0,,,8,11.0,0.000,3.270,1.455,3.273,0.500,8.182,0.818,0.818,4.909,0.167,47,10,4,4,1,1,6,,0,1,0,0,0,0,0,3,71573881
1996,Regular Season,Kintetsu Buffaloes,23,"Koike, Hideo",3,5,0,,,21,69.2,0.375,5.940,1.421,6.201,2.286,8.914,2.196,6.976,3.876,1.800,300,69,48,46,17,54,30,,1,5,1,1,0,0,10,0,71573887
1996,Regular Season,Kintetsu Buffaloes,62,"Shibata, Kazuya",0,0,0,,,10,5.1,0.000,5.060,2.813,8.438,0.500,21.938,1.688,6.750,3.375,2.000,31,13,5,3,1,4,2,,1,0,0,0,0,0,0,2,71673883
1996,Regular Season,Chiba Lotte Marines,28,"Sonokawa, Kazumi",0,7,0,,,23,76.0,0.000,5.450,1.461,5.684,2.087,10.539,1.303,5.803,2.605,2.227,336,89,48,46,11,49,22,,2,5,0,1,0,1,11,2,71773862
1996,Regular Season,Hiroshima Toyo Carp,22,"Takahashi, Ken",2,1,1,,,24,52.2,0.667,4.960,1.462,5.639,1.375,9.741,0.684,6.835,3.418,2.000,233,57,33,29,4,40,20,,1,4,0,0,0,0,4,5,71773880
1996,Regular Season,Nippon-Ham Fighters,14,"Sakai, Mitsujiro",0,1,0,,,7,9.1,0.000,2.890,1.607,2.893,0.429,9.643,0.000,3.857,4.821,0.800,41,10,3,3,0,4,5,,0,1,0,0,0,0,0,1,71773881
1996,Regular Season,Hanshin Tigers,16,"Yamazaki, Kazuharu",3,4,0,,,39,80.0,0.429,4.610,1.575,4.838,1.103,9.788,1.013,5.963,4.388,1.359,359,87,43,41,9,53,39,,2,3,1,0,0,0,8,9,71773883
1996,Regular Season,Seibu Lions,16,"Shiozaki, Tetsuya",8,6,11,,,43,85.2,0.571,2.840,0.992,2.942,0.651,6.409,1.051,7.564,2.521,3.000,337,61,28,27,10,72,24,,7,0,1,0,0,0,4,27,71973881
1996,Regular Season,Orix Bluewave,33,"Hirai, Masafumi",5,3,6,,,34,50.1,0.625,2.500,1.053,2.861,0.471,6.079,0.536,8.940,3.397,2.632,202,34,16,14,3,50,19,,1,1,0,0,0,0,0,16,71973889
1996,Regular Season,Yokohama BayStars,27,"Tanabe, Manabu",0,2,0,,,24,27.1,0.000,6.910,2.085,7.902,1.000,12.183,0.988,5.268,6.585,0.800,136,37,24,21,3,16,20,,0,6,0,0,0,0,1,8,75573868
1996,Regular Season,Yokohama BayStars,56,"Oka, Tomokazu",0,1,0,,,14,18.0,0.000,9.500,2.278,9.500,1.357,13.500,1.500,5.500,7.000,0.786,95,27,19,19,3,11,14,,1,3,0,0,0,0,1,2,81183889
1996,Regular Season,Yomiuri Giants,30,"Hashimoto, Kiyoshi",0,1,0,,,8,6.0,0.000,12.000,2.500,12.000,1.000,19.500,6.000,4.500,3.000,1.500,33,13,8,8,4,3,2,,0,3,0,0,0,0,0,1,81283868
1996,Regular Season,Nippon-Ham Fighters,11,"Shimoyanagi, Tsuyoshi",1,2,2,,,23,43.0,0.333,3.770,1.209,3.977,0.826,6.698,0.628,8.163,4.186,1.950,181,32,19,18,3,39,20,,0,0,0,0,0,0,0,12,81283883
1996,Regular Season,Chunichi Dragons,33,"Kaku, Genji",0,1,0,,,5,5.2,0.000,3.180,1.941,3.176,0.400,9.529,0.000,6.353,7.941,0.800,29,6,2,2,0,4,5,,0,1,1,0,0,0,0,2,81383863
1996,Regular Season,Nippon-Ham Fighters,26,"Kuroki, Junji",0,0,0,,,2,5.0,0.000,5.400,1.200,5.400,1.500,7.200,3.600,7.200,3.600,2.000,20,4,3,3,2,4,2,,0,1,0,0,0,0,0,2,81383882
1996,Regular Season,Chiba Lotte Marines,27,"Kawamoto, Yasuyuki",4,5,10,,,50,64.2,0.444,2.780,1.082,2.784,0.400,6.541,0.835,10.577,3.201,3.304,254,47,20,20,6,76,23,,0,2,0,0,0,0,0,24,81383885
1996,Regular Season,Yokohama BayStars,15,"Kawahara, Ryuichi",0,1,0,,,9,7.1,0.000,11.050,3.000,11.045,1.000,6.136,1.227,4.909,20.864,0.235,44,5,9,9,1,4,17,,2,2,0,0,0,0,0,2,81383889
1996,Regular Season,Fukuoka Daiei Hawks,32,"Nunez, Jose",6,9,16,,,42,103.2,0.400,3.130,1.399,3.646,1.000,10.158,0.347,6.859,2.431,2.821,446,117,42,36,4,79,28,,0,1,1,1,0,0,8,29,81483882
1996,Regular Season,Chiba Lotte Marines,26,"Wada, Takashi",0,0,0,,,4,5.1,0.000,0.000,1.125,1.688,0.250,8.438,0.000,11.813,1.688,7.000,21,5,1,0,0,7,1,,0,1,0,0,0,0,0,3,81483887
1996,Regular Season,Fukuoka Daiei Hawks,44,"Takagi, Koji",0,0,0,,,3,0.1,0.000,27.000,6.000,27.000,0.333,27.000,0.000,0.000,27.000,0.000,3,1,1,1,0,0,1,,0,0,0,0,0,0,0,0,81583864
1996,Regular Season,Yomiuri Giants,11,"Saito, Masaki",16,4,0,,,25,187.0,0.800,2.360,1.155,2.503,2.080,8.278,0.626,7.604,2.118,3.591,768,172,52,49,13,158,44,,5,0,0,8,4,1,25,0,81583869
1996,Regular Season,Yokohama BayStars,67,"Nishi, Kiyotaka",0,2,0,,,22,26.1,0.000,6.150,1.595,7.177,0.955,10.937,0.342,5.468,3.418,1.600,116,32,21,18,1,16,10,,0,1,0,0,0,0,0,6,81783864
1996,Regular Season,Yokohama BayStars,48,"Shimada, Naoya",3,3,0,,,38,65.1,0.500,3.860,1.745,4.684,0.895,11.296,0.827,6.612,4.408,1.500,300,82,34,28,6,48,32,,2,3,0,0,0,0,3,5,81783868
1996,Regular Season,Chiba Lotte Marines,31,"Tsuno, Hiroshi",0,0,0,,,12,11.0,0.000,6.550,1.455,6.545,0.667,9.818,2.455,5.727,3.273,1.750,47,12,8,8,3,7,4,,0,0,0,0,0,0,0,0,81783869
1996,Regular Season,Seibu Lions,33,"Tomioka, Hisaki",0,0,0,,,1,3.0,0.000,9.000,2.000,9.000,3.000,12.000,3.000,3.000,6.000,0.500,15,4,3,3,1,1,2,,0,1,0,0,0,0,0,1,81783880
1996,Regular Season,Hanshin Tigers,34,"Nakanose, Yukiyasu",0,1,0,,,6,8.2,0.000,7.270,2.077,10.385,1.667,13.500,0.000,8.308,5.192,1.600,45,13,10,7,0,8,5,,2,0,0,0,0,0,0,2,81783882
1996,Regular Season,Orix Bluewave,17,"Hasegawa, Shigetoshi",4,6,1,,,18,87.2,0.400,5.340,1.700,6.160,3.333,11.190,1.232,5.646,4.106,1.375,406,109,60,52,12,55,40,,2,0,0,2,0,0,16,2,81783883
1996,Regular Season,Orix Bluewave,12,"Mizuo, Yoshitaka",0,0,0,,,1,0.0,0.000,0.000,,,0.000,,,,,,1,1,0,0,0,0,0,,0,0,0,0,0,0,0,0,81883883
1996,Regular Season,Seibu Lions,11,"Ishii, Takehiro",0,1,0,,,5,25.2,0.000,3.510,1.208,3.857,2.200,7.364,1.403,3.506,3.506,1.000,108,21,11,10,4,10,10,,1,0,0,0,0,0,4,0,83883868
1996,Regular Season,Fukuoka Daiei Hawks,64,"Tanoe, Keisaburo",0,0,0,,,2,3.0,0.000,0.000,0.000,0.000,0.000,0.000,0.000,12.000,0.000,,9,0,0,0,0,4,0,,0,0,0,0,0,0,0,2,91093881
1996,Regular Season,Hanshin Tigers,35,"Funaki, Satoshi",6,9,0,,,20,104.1,0.400,4.490,1.419,4.658,2.700,8.971,0.776,6.038,3.796,1.591,451,104,54,52,9,70,44,,1,5,1,4,1,0,17,0,91093882
1996,Regular Season,Fukuoka Daiei Hawks,36,"Hamagiwa, Yasuji",1,1,1,,,5,15.0,0.500,4.200,1.333,5.400,1.800,8.400,0.600,7.800,3.600,2.167,65,14,9,7,1,13,6,,1,4,0,0,0,0,2,1,91093887
1996,Regular Season,Hiroshima Toyo Carp,24,"Ono, Yutaka",5,4,0,,,19,119.0,0.556,3.930,1.303,4.084,2.842,9.227,0.378,5.445,2.496,2.182,502,122,54,52,5,72,33,,2,4,0,3,1,1,18,0,91193844
1996,Regular Season,Yakult Swallows,18,"Ito, Akimitsu",3,2,0,,,22,72.2,0.600,4.830,1.431,4.830,1.773,9.413,1.115,3.344,3.468,0.964,319,76,39,39,9,27,28,,4,1,0,0,0,0,8,7,91193862
1996,Regular Season,Kintetsu Buffaloes,29,"Ikeue, Koichi",3,0,1,,,39,60.0,1.000,4.650,1.433,4.650,0.795,7.800,1.200,7.500,5.100,1.471,261,52,31,31,8,50,34,,2,4,0,0,0,0,1,10,91193864
1996,Regular Season,Chiba Lotte Marines,47,"Azuse, Kotaro",0,0,0,,,4,3.1,0.000,10.800,3.000,10.800,1.000,18.900,5.400,2.700,8.100,0.333,19,7,4,4,2,1,3,,0,0,0,0,0,0,0,2,91193881
1996,Regular Season,Yakult Swallows,66,"Yamada, Tsutomu",2,1,0,,,17,20.0,0.667,7.650,1.550,8.550,1.118,11.250,1.800,5.850,2.700,2.167,91,25,19,17,4,13,6,,1,1,0,0,0,0,0,5,91293864
1996,Regular Season,Orix Bluewave,11,"Sato, Yoshinori",1,2,0,,,10,30.2,0.333,5.580,1.957,6.163,2.100,11.446,0.880,6.163,6.163,1.000,151,39,21,19,3,21,21,,2,4,0,0,0,0,6,2,91393844
1996,Regular Season,Yomiuri Giants,13,"Okada, Hirokazu",2,1,1,,,27,30.0,0.667,5.700,1.400,5.700,0.704,6.900,1.200,7.800,5.700,1.368,130,23,19,19,4,26,19,,1,1,0,0,0,0,0,4,91393862
1996,Regular Season,Orix Bluewave,40,"Kaneda, Masahiko",6,8,0,,,29,121.1,0.429,4.230,1.426,4.896,2.276,9.495,0.668,6.157,3.338,1.844,527,128,66,57,9,83,45,,2,1,0,2,0,0,19,3,91393887
1996,Regular Season,Chunichi Dragons,20,"Son, Donyoru",5,1,3,,,38,54.0,0.833,5.500,1.556,5.833,0.921,10.333,0.667,11.167,3.667,3.045,248,62,35,33,4,67,22,,3,1,0,0,0,0,1,17,91493882
1996,Regular Season,Fukuoka Daiei Hawks,33,"Saito, Manabu",0,0,0,,,9,5.0,0.000,5.400,2.000,5.400,0.333,12.600,1.800,5.400,5.400,1.000,25,7,3,3,1,3,3,,0,0,0,0,0,0,0,2,91593862
1996,Regular Season,Chiba Lotte Marines,56,"Goto, Toshiyuki",0,0,0,,,2,1.2,0.000,5.400,1.200,5.400,0.500,10.800,0.000,0.000,0.000,,7,2,1,1,0,0,0,,0,0,0,0,0,0,0,1,91593880
1996,Regular Season,Orix Bluewave,22,"Kobayashi, Hiroshi",8,7,0,,,37,121.1,0.533,4.080,1.566,4.525,1.649,9.198,0.519,5.044,4.896,1.030,542,124,61,55,7,68,66,,4,6,0,2,0,0,12,6,91593887
1996,Regular Season,Chunichi Dragons,27,"Matsunaga, Yukio",0,0,0,,,3,5.1,0.000,3.380,1.313,3.375,0.667,5.063,1.688,8.438,6.750,1.250,22,3,2,2,1,5,4,,0,0,0,0,0,0,0,0,91693881
1996,Regular Season,Hanshin Tigers,14,"Yuminaga, Tatsuhiro",0,0,0,,,23,23.2,0.000,2.280,1.437,3.423,0.391,10.648,0.380,5.704,2.282,2.500,106,28,9,6,1,15,6,,2,1,0,0,0,0,0,3,91693885
1996,Regular Season,Nippon-Ham Fighters,29,"Shibakusa, Hiroshi",7,9,0,,,26,130.0,0.438,3.810,1.408,4.292,2.385,9.277,1.177,4.638,3.392,1.367,560,134,62,55,17,67,49,,3,7,0,3,0,0,22,0,91793868
1996,Regular Season,Hiroshima Toyo Carp,30,"Tamaki, Shigeo",3,1,1,,,30,46.0,0.750,4.110,1.391,4.696,0.800,8.022,0.587,7.826,4.500,1.739,196,41,24,21,3,40,23,,0,2,1,0,0,0,1,10,91793882
1996,Regular Season,Seibu Lions,29,"Sugiyama, Kento",0,2,3,,,36,26.2,0.000,4.390,1.275,4.388,0.361,6.750,1.350,10.800,4.725,2.286,112,20,13,13,4,32,14,,2,1,0,0,0,0,0,6,91793887
1996,Regular Season,Hiroshima Toyo Carp,55,"Tanaka, Yoshiki",1,3,0,,,4,14.0,0.250,8.360,1.857,8.357,3.250,9.643,0.643,7.071,7.071,1.000,65,15,13,13,1,11,11,,0,1,0,0,0,0,4,0,91793889
1996,Regular Season,Hiroshima Toyo Carp,68,"Yamasaki, Ken",9,6,0,,,28,133.1,0.600,3.380,1.148,3.780,2.000,9.045,1.013,4.590,1.283,3.579,538,134,56,50,15,68,19,,4,0,0,5,4,1,20,1,91893883
1996,Regular Season,Fukuoka Daiei Hawks,43,"Takayama, Ikuo",0,1,0,,,8,6.2,0.000,10.800,1.800,12.150,1.125,14.850,5.400,4.050,1.350,3.000,32,11,9,8,4,3,1,,1,0,0,0,0,0,0,1,91993860
1996,Regular Season,Chunichi Dragons,19,"Nakayama, Hiroaki",4,4,14,,,36,40.2,0.500,2.880,1.180,3.320,0.417,7.082,0.664,9.295,3.541,2.625,170,32,15,13,3,42,16,,0,3,0,0,0,0,0,27,91993862
1996,Regular Season,Kintetsu Buffaloes,24,"Takamura, Hiroshi",7,8,0,,,18,125.2,0.467,3.940,1.289,4.369,3.389,8.021,0.716,5.873,3.581,1.640,525,112,61,55,10,82,50,,1,4,0,7,2,1,18,0,91993885
1996,Regular Season,Hiroshima Toyo Carp,67,"Kobayakawa, Koji",0,0,1,,,46,31.0,0.000,3.770,1.161,4.065,0.304,6.387,0.290,7.258,4.065,1.786,126,22,14,13,1,25,14,,5,0,0,0,0,0,0,8,93793868
